38
85285776,72246954,17343659
BnB
4293.308320,17.040805
8998.051630,16.729182
4525.095270,31.556123
8892.600391,18.238626
4727.151517,30.424437
8915.050738,17.295020
4693.029739,18.081293
8924.006716,19.481250
4560.816736,40.932159
9010.570710,16.838087
1579.244284,9.762975
2295.437157,0.046335
1434.792226,7.743873
2313.628454,0.049763
1409.634070,7.178218
2310.101519,1.049301
1435.230966,0.563566
2462.852033,0.590072
1568.216015,15.384777
2330.084072,0.091477
2704.112855,1.847806
4543.588619,1.091076
3110.723338,0.835388
4495.794168,0.801625
2334.489034,51.870214
4660.075172,1.840925
2619.767717,11.228161
4563.472208,11.294976
2822.166863,54.186024
4556.504114,0.807156
3910.871056,25.255765
6763.795203,22.032138
3773.607831,4.320580
6778.519094,4.993240
3730.383821,6.222703
6777.615512,4.248116
3981.813329,16.121164
6886.373812,21.560118
3569.681457,9.237196
6790.775921,20.198431
17712.453928682167,394.09394001960754
7140.123879292084,402.91238121239012
17599.748204801927,441.96447644196448
8660.019274801937,399.18019274191827
17612.728103966284,398.12728103981272
7888.227839498752,406.88227839408822
17599.129048910109,509.99129048999129
8168.048712647403,581.0095808506012
17639.37201916785,400.8008270263672
8042.7570503963025,437.8802089691162
